model:
  converged: true
  method: FOCE

objective_function:
  ofv: -132.957964
  aic: -110.957964
  bic: -59.427235

data:
  n_subjects: 100
  n_observations: 800
  n_parameters: 11

theta:
  TVCL:
    estimate: 3.697393
    se: 0.105188
    rse_pct: 2.84
  TVV1:
    estimate: 18.639741
    se: 3.138771
    rse_pct: 16.84
  TVQ:
    estimate: 1.368144
    se: 0.102621
    rse_pct: 7.50
  TVV2:
    estimate: 26.593506
    se: 1.581342
    rse_pct: 5.95
  TVKA:
    estimate: 0.897621
    se: 0.089277
    rse_pct: 9.95

omega:
  omega_11:
    variance: 0.100476
    cv_pct: 31.70
    se: 0.005281
  omega_22:
    variance: 0.743511
    cv_pct: 86.23
    se: 0.110064
  omega_33:
    variance: 0.171426
    cv_pct: 41.40
    se: 0.014480
  omega_44:
    variance: 0.329320
    cv_pct: 57.39
    se: 0.028900
  omega_55:
    variance: 15.384333
    cv_pct: 392.23
    se: 2.441777

sigma:
  sigma_1:
    estimate: 0.304743
    se: 0.016077
