model:
  converged: true
  method: FOCE

objective_function:
  ofv: 123.051365
  aic: 137.051365
  bic: 155.954728

data:
  n_subjects: 10
  n_observations: 110
  n_parameters: 7

theta:
  TVCL:
    estimate: 0.131782
    se: 0.003697
    rse_pct: 2.81
  TVV:
    estimate: 6.926541
    se: 0.259121
    rse_pct: 3.74
  TVKA:
    estimate: 0.611315
    se: 0.022154
    rse_pct: 3.62

omega:
  omega_11:
    variance: 0.013175
    cv_pct: 11.48
    se: 0.002781
  omega_22:
    variance: 0.030333
    cv_pct: 17.42
    se: 0.007089
  omega_33:
    variance: 0.363165
    cv_pct: 60.26
    se: 0.001471

sigma:
  sigma_1:
    estimate: 0.128070
    se: 0.007949
